% -------------------------------------------------------------------
%  Generated by MATLAB on 17-Nov-2022 12:05:42
%  MATLAB version: 9.12.0.2039608 (R2022a) Update 5
% -------------------------------------------------------------------
                              

s_n = [0.70710678118654746 0.63245553203367577 0.61357199107789628 0.60883391251775243 ...
       0.60764825625616825 0.607351770141296 0.60727764409352614 0.60725911229889284 ...
       0.60725447933256249 0.60725332108987529 0.60725303152913446 0.607252959138945 ...
       0.60725294104139727 0.60725293651701029 0.60725293538591352 0.60725293510313938 ...
       0.60725293503244582 0.6072529350147724 0.607252935010354 0.60725293500924948 ...
       0.60725293500897337 0.60725293500890432 0.60725293500888711 0.60725293500888278 ...
       0.60725293500888167 0.60725293500888144 0.60725293500888144 0.60725293500888144 ...
       0.60725293500888144 0.60725293500888144 0.60725293500888144 0.60725293500888144 ...
       0.60725293500888144 0.60725293500888144 0.60725293500888144];

