% -------------------------------------------------------------------
%  Generated by MATLAB on 24-Oct-2022 16:35:06
%  MATLAB version: 9.13.0.2049777 (R2022b)
% -------------------------------------------------------------------
                                    

vivado3_h = [5562 4979 2027 -3195 -9834 -16316 -20558 -20365 -13908 -198 ...
             20557 46818 75842 104073 127729 143462 148979 143462 127729 ...
             104073 75842 46818 20557 -198 -13908 -20365 -20558 -16316 ...
             -9834 -3195 2027 4979 5562];

vivado3_x = [131072 -12848 -156643 -38049 80912 -61787 -203892 -83152 38390 ...
             -101321 -240055 -115596 9977 -125429 -259626 -130441 0 -130441 ...
             -259626 -125429 9977 -115596 -240055 -101321 38390 -83152 ...
             -203892 -61787 80912 -38049 -156643 -12848 131071 12847 -105502 ...
             38048 181231 61786 -58253 83151 223753 101320 -22090 115595 ...
             252166 125428 -2519 130440 262144 130440 -2519 125428 252166 ...
             115595 -22090 101320 223753 83151 -58253 61786 181231 38048 ...
             -105502 12847 131072 -12848 -156643 -38049 80912 -61787 -203892 ...
             -83152 38390 -101321 -240055 -115596 9977 -125429 -259626 ...
             -130441 0 -130441 -259626 -125429 9977 -115596 -240055 -101321 ...
             38390 -83152 -203892 -61787 80912 -38049 -156643 -12848 131071 ...
             12847 -105502 38048 181231 61786 -58253 83151 223753 101320 ...
             -22090 115595 252166 125428 -2519 130440 262144 130440 -2519 ...
             125428 252166 115595 -22090 101320 223753 83151 -58253 61786 ...
             181231 38048 -105502 12847 131072 0 0 0 0 0 0 0 0 0 0 0 0 ...
             0 0 0 0 0 0 0 0 0 0 0 0 0 0 0 0 0 0 0 0];

vivado3_y = [11124	8867	-10218	-21919	-19912	-23343	-32057	-20399
            16288	53751	83980	122572	163987	175628	144851	87577
        	3996	-127967	-307150	-502663	-700552	-912442	-1131479	
            -1326357	-1487584	-1634809	-1771000	-1874583	
            -1944048	-2004256	-206301	-2090009	-2089445
        	-2088920	-2068280	-2008646	-1929669	-1851181
        	-1754868	-1622578	-1474660	-1331621	-1175759
        	-989491	-793693	-609337	-419104	-205765	9562	205712	
            399884	609283	812816	989440	1156538	1331571	1493784
        	1622528	1735651	1851134	1948790	2008600	2049063	2088872
        	2108569	2088873	2049064	2008600	1948790	1851134	1735651
            1622528	1493784	1331571	1156539	989441	812818	609285
        	399886	205715	9565	-205762	-419102	-609335	-793691
        	-989490	-1175758	-1331621	-1474660	-1622578	
            -1754868	-1851181	-1929669	-2008646	-2068279	
            -2088919	-2089445	-2088920	-2068280	-2008646
        	-1929669	-1851181	-1754868	-1622578	-1474660
        	-1331621	-1175759	-989491	-793693	-609337	-419104
        	-205765	9562	205712	399884	609283	812816	989440
        	1156538	1331571	1493784	1622528	1735651	1851134	1948790
        	2008600	2049063	2088872	2108569	2089964	2063336	2024129
        	1949034	1841845	1726592	1602197	1449680	1277424	1113673	
            960505	800515	641803	510493	405062	303527	209129
        	143506	101474	58545	16588	-3165	-5660	-14892
        	-28499	-24984	-9230	-5289	-10780	-3924	11048
        	11124];

