% -------------------------------------------------------------------
%  Generated by MATLAB on 24-Oct-2022 16:33:44
%  MATLAB version: 9.13.0.2049777 (R2022b)
% -------------------------------------------------------------------
                                    

vivado3_h = [1390 1244 506 -799 -2459 -4079 -5140 -5092 -3477 -50 5139 ...
             11704 18960 26018 31932 35865 37244 35865 31932 26018 18960 ...
             11704 5139 -50 -3477 -5092 -5140 -4079 -2459 -799 506 1244 ...
             1390];

vivado3_x = [32768 -3212 -39161 -9513 20228 -15447 -50973 -20788 9597 -25331 ...
             -60014 -28899 2494 -31358 -64907 -32611 0 -32611 -64907 -31358 ...
             2494 -28899 -60014 -25331 9597 -20788 -50973 -15447 20228 ...
             -9513 -39161 -3212 32767 3211 -26376 9512 45307 15446 -14564 ...
             20787 55938 25330 -5523 28898 63041 31357 -630 32610 65536 ...
             32610 -630 31357 63041 28898 -5523 25330 55938 20787 -14564 ...
             15446 45307 9512 -26376 3211 32768 -3212 -39161 -9513 20228 ...
             -15447 -50973 -20788 9597 -25331 -60014 -28899 2494 -31358 ...
             -64907 -32611 0 -32611 -64907 -31358 2494 -28899 -60014 -25331 ...
             9597 -20788 -50973 -15447 20228 -9513 -39161 -3212 32767 3211 ...
             -26376 9512 45307 15446 -14564 20787 55938 25330 -5523 28898 ...
             63041 31357 -630 32610 65536 32610 -630 31357 63041 28898 ...
             -5523 25330 55938 20787 -14564 15446 45307 9512 -26376 3211 ...
             32768 0 0 0 0 0 0 0 0 0 0 0 0 0 0 0 0 0 0 0 0 0 0 0 0 0 0 ...
             0 0 0 0 0 0];

vivado3_y = [2780 2215 -2555 -5480 -4979 -5837 -8015 -5101 4074 13436 20995 ...
             30644 40999 43909 36216 21894 1000 -31989 -76787 -125665 -175137 ...
             -228110 -282865 -331586 -371896 -408702 -442749 -468647 -486013 ...
             -501069 -515077 -522508 -522363 -522237 -517073 -502167 -482420 ...
             -462800 -438720 -405648 -368670 -332909 -293944 -247381 -198435 ...
             -152346 -104795 -51457 2369 51408 99952 152296 203176 247331 ...
             289104 332859 373416 405600 433881 462754 487165 502120 512236 ...
             522186 527113 522187 512237 502120 487165 462754 433881 405600 ...
             373416 332859 289105 247332 203178 152298 99954 51411 2372 ...
             -51454 -104793 -152344 -198433 -247380 -293943 -332909 -368670 ...
             -405648 -438720 -462800 -482420 -502167 -517072 -522236 -522363 ...
             -522237 -517073 -502167 -482420 -462800 -438720 -405648 -368670 ...
             -332909 -293944 -247381 -198435 -152346 -104795 -51457 2369 ...
             51408 99952 152296 203176 247331 289104 332859 373416 405600 ...
             433881 462754 487165 502120 512236 522186 527113 522460 515804 ...
             506002 487226 460433 431616 400517 362388 319323 278388 240096 ...
             200099 160425 127602 101247 75860 52265 35858 25357 14624 ...
             4138 -800 -1423 -3728 -7130 -6251 -2311 -1325 -2696 -983 2760 ...
             2780];

