% -------------------------------------------------------------------
%  Generated by MATLAB on 5-Oct-2022 14:26:43
%  MATLAB version: 9.13.0.2049777 (R2022b)
% -------------------------------------------------------------------
                                 

DFF = -122;

Top6 = [9423 8827 7717 7414 7118 6420];

ans_32 = [-12226 -11821 -11115 -10722 -9807 -9411 -7906 -7502 -6831 -6505 ...
          -6425 -5730 -4332 -4008 -2628 -2024 -1929 -612 513 1309 1401 ...
          2004 2503 3619 3716 5610 6420 7118 7414 7717 8827 9423];

ans_6 = [6420 7118 7414 7717 8827 9423];

clock = 32;

comp_index = 0;

i = 2;

index = 32;

mat_16 = [-7502 2004 -7906 -9807 1309 -9411 513 -11115 7118 3619 -11821 ...
          -2024 -12226 -2628 -5730 -6831];

mat_2 = [-11115 -12226];

mat_32 = [1401 -7502 2503 2004 -6505 -7906 -9807 -4008 1309 5610 -9411 ...
          -612 513 7414 -11115 3716 7717 7118 3619 6420 -11821 -10722 9423 ...
          -2024 -6425 -12226 8827 -2628 -1929 -5730 -6831 -4332];

mat_32_with_index = [1401 -7502 2503 2004 -6505 -7906 -9807 -4008 1309 ...
                     5610 -9411 -612 513 7414 -11115 3716 7717 7118 3619 ...
                     6420 -11821 -10722 9423 -2024 -6425 -12226 8827 -2628 ...
                     -1929 -5730 -6831 -4332];

mat_4 = [-9807 -11115 -11821 -12226];

mat_8 = [-7502 -9807 -9411 -11115 3619 -11821 -12226 -6831];

min_index = 26;

min_value = -122;

min_value_with_index = -12226;

num = 32;

rand_32 = [14 -75 25 20 -65 -79 -98 -40 13 56 -94 -6 5 74 -111 37 77 71 ...
           36 64 -118 -107 94 -20 -64 -122 88 -26 -19 -57 -68 -43];

rand_temp = [14 -75 25 20 -65 -79 -98 -40 13 56 -94 -6 5 74 -111 37 77 ...
             71 36 64 -118 -107 94 -20 -64 -122 88 -26 -19 -57 -68 -43 ...
             123 26 46 18 0 -100 -102 76 -96 51 68 -42 84 -13 44 47 65 ...
             -61 69 92 9 95 -45 42 -25 27 -17 -39 45 -93 111 110 89 -41 ...
             -9 120 127 91 86 -58 -7 -11 57 66 -46 -78 -28 -52 -86 87 58 ...
             -95 114 -71 -89 -73 -117 61 -66 32 -127 -33 -53 -12 -27 38 ...
             16 -55 -82 -54 -18 31 1 -74 11 -62 62 -50 -115 12 -104 -76 ...
             -105 -85 28 -56 39 52 102 124 -88 72 104 2 -83 -44 15 126 ...
             -4 122 -67 -87 -16 -36 -97 -114 54 -51 -126 67 -110 41 98 ...
             6 49 23 107 73 17 -23 90 -30 -69 -112 103 125 -119 -2 79 30 ...
             -72 -14 83 -120 10 34 -60 -38 -22 -37 101 115 -59 -29 -116 ...
             -92 3 33 -90 96 48 -48 -10 -113 -101 50 97 60 -81 -35 -124 ...
             -3 78 4 -24 -8 21 117 40 -109 22 -47 -91 116 -49 -63 -77 35 ...
             113 -32 119 29 -99 -34 -123 108 85 -15 63 53 106 80 109 59 ...
             81 -128 -80 8 112 55 -31 19 93 82 -106 -108 70 43 -121 -5 ...
             99 7 -125 75 -21 100 118 121 -70 24 -84 105 -1 -103];

sort_4 = [-7502 1401 2004 2503];

value_minimim = 0;

